[[ 0.9998642  -0.00600661  0.01534639 -0.00613855]
 [ 0.01648002  0.36442892 -0.93108537  0.37243415]
 [ 0.          0.93121184  0.36447841 -0.14579137]
 [ 0.          0.          0.          1.        ]]
[[-0.09684928  0.48413739 -0.86961555  0.34784622]
 [-0.99529906 -0.04710982  0.08461943 -0.03384777]
 [ 0.          0.87372287  0.48642404 -0.19456962]
 [ 0.          0.          0.          1.        ]]
[[-0.64172545 -0.37223277  0.67054546 -0.26821818]
 [ 0.76693445 -0.31146239  0.56107284 -0.22442914]
 [ 0.          0.87431913  0.48535148 -0.19414059]
 [ 0.          0.          0.          1.        ]]
[[-0.99982506  0.01050434  0.01547575 -0.0061903 ]
 [ 0.01870401  0.56151095  0.82725789 -0.33090316]
 [ 0.          0.82740263 -0.56160919  0.22464368]
 [ 0.          0.          0.          1.        ]]
[[-0.27795623 -0.72578882  0.62926221 -0.25170488]
 [ 0.96059374 -0.21001336  0.18208254 -0.07283302]
 [ 0.          0.65507632  0.75556272 -0.30222509]
 [ 0.          0.          0.          1.        ]]
[[ 0.11569711 -0.97824272 -0.1722073   0.06888292]
 [-0.99328454 -0.11394505 -0.02005859  0.00802344]
 [ 0.          0.17337157 -0.98485649  0.39394259]
 [ 0.          0.          0.          1.        ]]
[[ 0.30170177  0.59571756 -0.74437667  0.29775067]
 [-0.95340235  0.18851332 -0.23555612  0.09422245]
 [ 0.          0.78075817  0.62483333 -0.24993333]
 [ 0.          0.          0.          1.        ]]
[[-0.97166893  0.0051096  -0.2362909   0.09451636]
 [-0.23634614 -0.02100664  0.97144183 -0.38857673]
 [ 0.          0.99976628  0.02161913 -0.00864765]
 [ 0.          0.          0.          1.        ]]
[[ 0.7253619   0.22519324  0.65049068 -0.26019627]
 [ 0.68836772 -0.23729555 -0.68544927  0.27417971]
 [ 0.          0.94497557 -0.32714091  0.13085636]
 [ 0.          0.          0.          1.        ]]
[[-0.16443175  0.91192995  0.37596007 -0.15038403]
 [ 0.98638846  0.15201945  0.06267284 -0.02506914]
 [ 0.          0.38114808 -0.924514    0.3698056 ]
 [ 0.          0.          0.          1.        ]]
[[-0.50668427  0.09177981 -0.85723248  0.34289299]
 [-0.86213169 -0.05394     0.50380495 -0.20152198]
 [ 0.          0.99431732  0.10645683 -0.04258273]
 [ 0.          0.          0.          1.        ]]
[[-2.28270102e-03 -9.99934692e-01 -1.11982715e-02  4.47930862e-03]
 [-9.99997395e-01  2.28255789e-03  2.55623725e-05 -1.02249490e-05]
 [ 0.00000000e+00  1.11983007e-02 -9.99937297e-01  3.99974919e-01]
 [ 0.00000000e+00  0.00000000e+00  0.00000000e+00  1.00000000e+00]]
[[ 0.83421485 -0.536194   -0.12876948  0.05150779]
 [-0.55143956 -0.81115145 -0.19480179  0.07792072]
 [ 0.          0.23351513 -0.97235317  0.38894127]
 [ 0.          0.          0.          1.        ]]
[[ 0.0405909  -0.36878051  0.9286298  -0.37145192]
 [ 0.99917585  0.01498148 -0.03772501  0.01509   ]
 [ 0.          0.92939577  0.36908469 -0.14763388]
 [ 0.          0.          0.          1.        ]]
[[-0.43745865  0.83440918  0.33524806 -0.13409922]
 [ 0.89923853  0.40592067  0.16309039 -0.06523616]
 [ 0.          0.37281327 -0.92790639  0.37116256]
 [ 0.          0.          0.          1.        ]]