[[ 0.54992522  0.14081466 -0.82325786  0.60596977]
 [-0.8321621   0.00819191 -0.55447194  0.01945693]
 [-0.07133373  0.99000209  0.12168556 -0.14043109]
 [ 0.          0.          0.          1.        ]]
[[ 0.54992303  0.14081713 -0.82325889  0.60596985]
 [-0.83216356  0.0081935  -0.55446967  0.01945678]
 [-0.07133346  0.99000169  0.12168867 -0.14043216]
 [ 0.          0.          0.          1.        ]]
[[ 0.54992419  0.14081238 -0.82325897  0.60596916]
 [-0.83216313  0.00819467 -0.55447051  0.01945807]
 [-0.07132997  0.9900025   0.12168531 -0.14042647]
 [ 0.          0.          0.          1.        ]]
[[ 0.54992374  0.14081362 -0.82325902  0.60596897]
 [-0.83216269  0.00818565 -0.55447112  0.01945541]
 [-0.07133818  0.99000226  0.12168132 -0.14043179]
 [ 0.          0.          0.          1.        ]]