[[ 0.52208762 -0.85172642 -0.04457129  0.51536107]
 [-0.84793753 -0.52397017  0.08035633  0.20438249]
 [-0.09179564 -0.00415938 -0.99576914  0.18584538]
 [ 0.          0.          0.          1.        ]]
[[ 0.52209229 -0.85172401 -0.04456279  0.51536453]
 [-0.84793576 -0.52397411  0.08034977  0.20438081]
 [-0.09178558 -0.00416362 -0.99577009  0.18584849]
 [ 0.          0.          0.          1.        ]]
[[ 0.5220901  -0.85172539 -0.04456242  0.51536572]
 [-0.84793685 -0.52397192  0.0803529   0.20438194]
 [-0.09178806 -0.00416534 -0.99576989  0.185849  ]
 [ 0.          0.          0.          1.        ]]
[[ 0.52209122 -0.85172483 -0.04455903  0.51536721]
 [-0.84793663 -0.52397259  0.08034936  0.20438096]
 [-0.09178326 -0.00416645 -0.99577018  0.18585168]
 [ 0.          0.          0.          1.        ]]
[[ 0.52209074 -0.85172473 -0.04456739  0.51536393]
 [-0.84793683 -0.52397302  0.0803457   0.20437945]
 [-0.09178453 -0.00415741 -0.99577023  0.18584694]
 [ 0.          0.          0.          1.        ]]